\begin{tikzpicture}
\begin{axis}[ymin=0, ymax=832.65, area style,]
\addplot+[ybar interval, mark=no] plot coordinates { (-4.0, 0) (-3.8, 1) (-3.6, 1) (-3.4, 3) (-3.2, 3) (-3.0, 11) (-2.8, 20) (-2.6, 50) (-2.4, 48) (-2.2, 84) (-2.0, 131) (-1.8, 202) (-1.6, 258) (-1.4, 316) (-1.2, 478) (-1.0, 550) (-0.8, 595) (-0.6, 690) (-0.4, 738) (-0.2, 793) (0.0, 791) (0.2, 767) (0.4, 724) (0.6, 640) (0.8, 582) (1.0, 413) (1.2, 332) (1.4, 261) (1.6, 183) (1.8, 124) (2.0, 75) (2.2, 52) (2.4, 44) (2.6, 15) (2.8, 15) (3.0, 4) (3.2, 4) (3.4, 0) (3.6, 1) (3.8, 0) (4.0, 0) (4.2, 0) (4.4, 0) (4.6, 0) (4.8, 0) (5.0, 1) (5.2, 0) (5.4, 0) (5.6, 0) (5.8, 0) (6.0, 0) };
\end{axis}
\end{tikzpicture}
\begin{tikzpicture}
\begin{axis}[ymin=0, ymax=91.35, area style,]
\addplot+[ybar interval, mark=no] plot coordinates { (-7.0, 3) (-5.9, 16) (-4.8, 37) (-3.7, 67) (-2.6, 79) (-1.5, 87) (-0.4, 61) (0.7, 59) (1.8, 27) (2.9, 14) (4.0, 18) (5.1, 9) (6.2, 6) (7.3, 1) (8.4, 3) (9.5, 1) (10.6, 1) (11.7, 2) (12.8, 0) (13.9, 1) (15.0, 0) (16.1, 0) (17.2, 1) (18.3, 2) (19.4, 0) (20.5, 1) (21.6, 0) (22.7, 1) (23.8, 0) (24.9, 0) (26.0, 0) (27.1, 1) (28.2, 0) (29.3, 0) (30.4, 0) (31.5, 0) (32.6, 0) (33.7, 0) (34.8, 1) (35.9, 0) (37.0, 0) (38.1, 0) (39.2, 0) (40.3, 0) (41.4, 0) (42.5, 0) (43.6, 0) (44.7, 0) (45.8, 0) (46.9, 1) (48.0, 0) };
\end{axis}
\end{tikzpicture}

\begin{tikzpicture}
\begin{axis}[xlabel=$x$,ylabel=$\bar{F}_{\text{emph}}(x)$]
\addplot[mark=*,mark size=0.5] coordinates { (47.7570705366, 0.002) (35.7621877201, 0.004) (27.9204496157, 0.006) (23.0838169882, 0.008) (20.5899664454, 0.01) (19.3796462164, 0.012) (18.5263080378, 0.014) (17.3670802879, 0.016) (14.9909650275, 0.018) (12.0889879557, 0.02) (12.0873658554, 0.022) (10.7923127399, 0.024) (9.7207987348, 0.026) (9.14276986986, 0.028) (9.03910960554, 0.03) (8.77374252576, 0.032) (8.16926631724, 0.034) (7.24136176329, 0.036) (7.22383514729, 0.038) (6.61877787039, 0.04) (6.52790912925, 0.042) (6.48191004804, 0.044) (6.29251160179, 0.046) (6.17304267286, 0.048) (6.11111129694, 0.05) (5.99371533845, 0.052) (5.67055339077, 0.054) (5.58248624371, 0.056) (5.49985997111, 0.058) (5.21638573055, 0.06) (5.15254027777, 0.062) (5.11025949954, 0.064) (5.0905674434, 0.066) (4.97232347575, 0.068) (4.96517578678, 0.07) (4.82098808717, 0.072) (4.75612207563, 0.074) (4.72045773912, 0.076) (4.62999583726, 0.078) (4.53289618283, 0.08) (4.48403089505, 0.082) (4.48100490329, 0.084) (4.44176480053, 0.086) (4.34979412771, 0.088) (4.3090635185, 0.09) (4.30731380027, 0.092) (4.27053476092, 0.094) (4.1912455043, 0.096) (4.07359019326, 0.098) (4.04445356759, 0.1) (3.93524913253, 0.102) (3.89723453948, 0.104) (3.8890615853, 0.106) (3.86851226578, 0.108) (3.75807733239, 0.11) (3.71383567788, 0.112) (3.63406715506, 0.114) (3.61742739345, 0.116) (3.44313655712, 0.118) (3.31833087879, 0.12) (3.1010260495, 0.122) (2.98285637646, 0.124) (2.92944147139, 0.126) (2.91183562918, 0.128) (2.89848206769, 0.13) (2.88995209342, 0.132) (2.87064038055, 0.134) (2.8479733459, 0.136) (2.83520532695, 0.138) (2.8324111889, 0.14) (2.6389118225, 0.142) (2.59629854922, 0.144) (2.59581275431, 0.146) (2.56646462625, 0.148) (2.35137959807, 0.15) (2.34468388957, 0.152) (2.33784590369, 0.154) (2.32685706346, 0.156) (2.23070460672, 0.158) (2.20302350164, 0.16) (2.20139371555, 0.162) (2.17713515078, 0.164) (2.15301333628, 0.166) (2.13414106115, 0.168) (2.04901357638, 0.17) (2.03165276075, 0.172) (1.96277061631, 0.174) (1.93710133424, 0.176) (1.93221247321, 0.178) (1.83117637994, 0.18) (1.82541952591, 0.182) (1.74249529775, 0.184) (1.73545173947, 0.186) (1.70030060193, 0.188) (1.68824779859, 0.19) (1.64950404649, 0.192) (1.63561722812, 0.194) (1.61089881983, 0.196) (1.6076483525, 0.198) (1.57067261253, 0.2) (1.54851109951, 0.202) (1.53423550447, 0.204) (1.5061997021, 0.206) (1.48777098085, 0.208) (1.48731590809, 0.21) (1.48138037649, 0.212) (1.46491531528, 0.214) (1.43345165438, 0.216) (1.42604442211, 0.218) (1.39101160858, 0.22) (1.38994707337, 0.222) (1.38584263678, 0.224) (1.35622254582, 0.226) (1.3304943157, 0.228) (1.32306759443, 0.23) (1.28698433018, 0.232) (1.26567954499, 0.234) (1.24612517531, 0.236) (1.23572477883, 0.238) (1.20337526658, 0.24) (1.2007307898, 0.242) (1.19772089739, 0.244) (1.16854145583, 0.246) (1.14917424582, 0.248) (1.12185466478, 0.25) (1.11596510883, 0.252) (1.09876341678, 0.254) (1.08443353256, 0.256) (1.04499509713, 0.258) (1.03209221259, 0.26) (1.01311132787, 0.262) (1.01186075971, 0.264) (0.995800101645, 0.266) (0.989665276934, 0.268) (0.977636205858, 0.27) (0.965344706718, 0.272) (0.961460718403, 0.274) (0.947725757473, 0.276) (0.933615035895, 0.278) (0.922325922893, 0.28) (0.873910907515, 0.282) (0.855834561681, 0.284) (0.852670949613, 0.286) (0.842968960311, 0.288) (0.83744874515, 0.29) (0.807634179773, 0.292) (0.789524094905, 0.294) (0.778019996017, 0.296) (0.764914684886, 0.298) (0.734895969406, 0.3) (0.686939862729, 0.302) (0.678596594068, 0.304) (0.66728408174, 0.306) (0.548593910035, 0.308) (0.529489548365, 0.31) (0.515138010115, 0.312) (0.496775312778, 0.314) (0.481941879002, 0.316) (0.46582298113, 0.318) (0.463849079441, 0.32) (0.456820938696, 0.322) (0.454576679724, 0.324) (0.434647001159, 0.326) (0.408487235988, 0.328) (0.374180210693, 0.33) (0.274194318376, 0.332) (0.235947435701, 0.334) (0.232675626073, 0.336) (0.216039522563, 0.338) (0.206563767532, 0.34) (0.203676815619, 0.342) (0.184798881418, 0.344) (0.167580812957, 0.346) (0.144360854386, 0.348) (0.12395588183, 0.35) (0.122455624143, 0.352) (0.112279020844, 0.354) (0.0950425923564, 0.356) (0.0888226621402, 0.358) (0.0636585202416, 0.36) (0.0622798428049, 0.362) (0.0535068667227, 0.364) (0.034742127532, 0.366) (0.0332684772497, 0.368) (0.0275151781171, 0.37) (0.0224524453224, 0.372) (-0.00277290727934, 0.374) (-0.00455550482877, 0.376) (-0.00537648449027, 0.378) (-0.0191931846156, 0.38) (-0.0245913386856, 0.382) (-0.0595600672837, 0.384) (-0.0684854242667, 0.386) (-0.114566945873, 0.388) (-0.133842245329, 0.39) (-0.14697866926, 0.392) (-0.159715480586, 0.394) (-0.164613658325, 0.396) (-0.178558546948, 0.398) (-0.197832951368, 0.4) (-0.198741607592, 0.402) (-0.280590526938, 0.404) (-0.292306625823, 0.406) (-0.303202684178, 0.408) (-0.310753018931, 0.41) (-0.356030574649, 0.412) (-0.356116965846, 0.414) (-0.364159022886, 0.416) (-0.397618971613, 0.418) (-0.39803662249, 0.42) (-0.399652473066, 0.422) (-0.4063220457, 0.424) (-0.420508551726, 0.426) (-0.461004506585, 0.428) (-0.462143837896, 0.43) (-0.473388314265, 0.432) (-0.486063985342, 0.434) (-0.504845992663, 0.436) (-0.509600002185, 0.438) (-0.522681751427, 0.44) (-0.537901942873, 0.442) (-0.542245141125, 0.444) (-0.545895021809, 0.446) (-0.55550356993, 0.448) (-0.567192634903, 0.45) (-0.567250942553, 0.452) (-0.575767106014, 0.454) (-0.581310927118, 0.456) (-0.584641758935, 0.458) (-0.587717501032, 0.46) (-0.59245107218, 0.462) (-0.628771209025, 0.464) (-0.634680482907, 0.466) (-0.6909803928, 0.468) (-0.704024281115, 0.47) (-0.704879730877, 0.472) (-0.709018646633, 0.474) (-0.71218787192, 0.476) (-0.713459131105, 0.478) (-0.72074151974, 0.48) (-0.749970402718, 0.482) (-0.765113036826, 0.484) (-0.780536327468, 0.486) (-0.788842266735, 0.488) (-0.7915242519, 0.49) (-0.802137668518, 0.492) (-0.823189931793, 0.494) (-0.848067103633, 0.496) (-0.853541612471, 0.498) (-0.85963560889, 0.5) (-0.864659307019, 0.502) (-0.879051610228, 0.504) (-0.89867820079, 0.506) (-0.913532041323, 0.508) (-0.91756500877, 0.51) (-0.946759189463, 0.512) (-0.973682019014, 0.514) (-0.980094291396, 0.516) (-0.981412729989, 0.518) (-1.00990610149, 0.52) (-1.01487152403, 0.522) (-1.02839959685, 0.524) (-1.03449783867, 0.526) (-1.03565996183, 0.528) (-1.04503223524, 0.53) (-1.04849378, 0.532) (-1.05258574365, 0.534) (-1.05369998312, 0.536) (-1.08293062347, 0.538) (-1.08404855129, 0.54) (-1.12545439799, 0.542) (-1.12697538515, 0.544) (-1.13431216913, 0.546) (-1.1509592762, 0.548) (-1.18648891183, 0.55) (-1.1952335259, 0.552) (-1.21699926138, 0.554) (-1.21726776954, 0.556) (-1.2256717938, 0.558) (-1.23912622328, 0.56) (-1.2901337092, 0.562) (-1.29255582485, 0.564) (-1.302178285, 0.566) (-1.30268681713, 0.568) (-1.31709900889, 0.57) (-1.32781733646, 0.572) (-1.35960455304, 0.574) (-1.36747214123, 0.576) (-1.37158351383, 0.578) (-1.39093452535, 0.58) (-1.41182001117, 0.582) (-1.41914156354, 0.584) (-1.43114494471, 0.586) (-1.43482514725, 0.588) (-1.45555027323, 0.59) (-1.47822327746, 0.592) (-1.48487416146, 0.594) (-1.4896943056, 0.596) (-1.51929829754, 0.598) (-1.52045763008, 0.6) (-1.52286080699, 0.602) (-1.53012002263, 0.604) (-1.56296689792, 0.606) (-1.60146993191, 0.608) (-1.60799733269, 0.61) (-1.61528008098, 0.612) (-1.61720685945, 0.614) (-1.63507970878, 0.616) (-1.64240822067, 0.618) (-1.6447509272, 0.62) (-1.64542844523, 0.622) (-1.66340898293, 0.624) (-1.67438121815, 0.626) (-1.68067309301, 0.628) (-1.68068663182, 0.63) (-1.68700813957, 0.632) (-1.69491733518, 0.634) (-1.7098584651, 0.636) (-1.71143813552, 0.638) (-1.72343153769, 0.64) (-1.72646088478, 0.642) (-1.73049036308, 0.644) (-1.76343382518, 0.646) (-1.77396174437, 0.648) (-1.77573680054, 0.65) (-1.79915030972, 0.652) (-1.81987191558, 0.654) (-1.83304724384, 0.656) (-1.85430046629, 0.658) (-1.87368116141, 0.66) (-1.87839511603, 0.662) (-1.91790692945, 0.664) (-1.92237009909, 0.666) (-1.94016213717, 0.668) (-1.95046547361, 0.67) (-1.97737775974, 0.672) (-1.99239813806, 0.674) (-1.99645881257, 0.676) (-2.00097748211, 0.678) (-2.02590854093, 0.68) (-2.03142976164, 0.682) (-2.04778633048, 0.684) (-2.09023594122, 0.686) (-2.13172909314, 0.688) (-2.15752737363, 0.69) (-2.15833255429, 0.692) (-2.16983980097, 0.694) (-2.17439015463, 0.696) (-2.18505913615, 0.698) (-2.1926137554, 0.7) (-2.21204179361, 0.702) (-2.2137711758, 0.704) (-2.22006491922, 0.706) (-2.2248313315, 0.708) (-2.23117233098, 0.71) (-2.25396344579, 0.712) (-2.25480117963, 0.714) (-2.27181103072, 0.716) (-2.35041593501, 0.718) (-2.36299720189, 0.72) (-2.36798905984, 0.722) (-2.37050784299, 0.724) (-2.38930755153, 0.726) (-2.39289307332, 0.728) (-2.40662305522, 0.73) (-2.41715207113, 0.732) (-2.42043685868, 0.734) (-2.42748808153, 0.736) (-2.45358871948, 0.738) (-2.46054891483, 0.74) (-2.46665571029, 0.742) (-2.47911091786, 0.744) (-2.48764208284, 0.746) (-2.54357010718, 0.748) (-2.55042322113, 0.75) (-2.56601245688, 0.752) (-2.59649722677, 0.754) (-2.60065859335, 0.756) (-2.61367334814, 0.758) (-2.64410057135, 0.76) (-2.66583527889, 0.762) (-2.67216486027, 0.764) (-2.6921212814, 0.766) (-2.73287118633, 0.768) (-2.74555757053, 0.77) (-2.78533425483, 0.772) (-2.80177469145, 0.774) (-2.8139718451, 0.776) (-2.81812170325, 0.778) (-2.84797898057, 0.78) (-2.86367616467, 0.782) (-2.87194306996, 0.784) (-2.88079480532, 0.786) (-2.89823685576, 0.788) (-2.94470704056, 0.79) (-2.99876537348, 0.792) (-3.03774290355, 0.794) (-3.04674031222, 0.796) (-3.06558926927, 0.798) (-3.09004532269, 0.8) (-3.11827535756, 0.802) (-3.12428980644, 0.804) (-3.12705783129, 0.806) (-3.12715651722, 0.808) (-3.12923017546, 0.81) (-3.14269258086, 0.812) (-3.14574478085, 0.814) (-3.15962136019, 0.816) (-3.16680210805, 0.818) (-3.20732076799, 0.82) (-3.21258789512, 0.822) (-3.25164635372, 0.824) (-3.25768927091, 0.826) (-3.3121222401, 0.828) (-3.3171853243, 0.83) (-3.32488759359, 0.832) (-3.34800436569, 0.834) (-3.34852250032, 0.836) (-3.35191346735, 0.838) (-3.35264932713, 0.84) (-3.3975450404, 0.842) (-3.4100572329, 0.844) (-3.41036186562, 0.846) (-3.42423131311, 0.848) (-3.44676380791, 0.85) (-3.45643290059, 0.852) (-3.45872963737, 0.854) (-3.45908751561, 0.856) (-3.46286522086, 0.858) (-3.46841006869, 0.86) (-3.47047712267, 0.862) (-3.47289021175, 0.864) (-3.48751409725, 0.866) (-3.4891160002, 0.868) (-3.50748698018, 0.87) (-3.51853284735, 0.872) (-3.56878540235, 0.874) (-3.58646303988, 0.876) (-3.60217001895, 0.878) (-3.65133592659, 0.88) (-3.65165529557, 0.882) (-3.65834277614, 0.884) (-3.66712691013, 0.886) (-3.67813420288, 0.888) (-3.70552696867, 0.89) (-3.77013084752, 0.892) (-3.78577531775, 0.894) (-3.88455445452, 0.896) (-3.90354442084, 0.898) (-3.92872330841, 0.9) (-3.93496124889, 0.902) (-3.95185132772, 0.904) (-3.95598573246, 0.906) (-3.98055341146, 0.908) (-3.98388006206, 0.91) (-3.98837224235, 0.912) (-4.06876580396, 0.914) (-4.10972956649, 0.916) (-4.15809773983, 0.918) (-4.16107607293, 0.92) (-4.17143553962, 0.922) (-4.23712917084, 0.924) (-4.27188532851, 0.926) (-4.29358255161, 0.928) (-4.29606848866, 0.93) (-4.32040014467, 0.932) (-4.33605309367, 0.934) (-4.3440675742, 0.936) (-4.35251884174, 0.938) (-4.38010101153, 0.94) (-4.41953817827, 0.942) (-4.42692604753, 0.944) (-4.42778065903, 0.946) (-4.44007553218, 0.948) (-4.4829899347, 0.95) (-4.48859320579, 0.952) (-4.48909956452, 0.954) (-4.48934445115, 0.956) (-4.52414748081, 0.958) (-4.58882048293, 0.96) (-4.67629170084, 0.962) (-4.81825450129, 0.964) (-4.89998595157, 0.966) (-4.94563655712, 0.968) (-4.9663277046, 0.97) (-5.02258008844, 0.972) (-5.05456377931, 0.974) (-5.11388606261, 0.976) (-5.12825319147, 0.978) (-5.16200420041, 0.98) (-5.215340495, 0.982) (-5.2311156913, 0.984) (-5.34208379974, 0.986) (-5.3766645422, 0.988) (-5.44499065639, 0.99) (-5.55837746712, 0.992) (-5.80843203347, 0.994) (-6.03261557656, 0.996) (-6.39824241468, 0.998) (-6.88026171397, 1.0) };
\end{axis}
\end{tikzpicture}
\begin{tikzpicture}
\begin{axis}[xlabel=$\ln x$,ylabel=$\ln \bar{F}_{\text{emph}}(x)$]
\addplot[mark=*,mark size=0.5] coordinates { (3.86612713003, -6.21460809842) (3.57689112629, -5.52146091786) (3.32935938148, -5.11599580975) (3.13913180874, -4.8283137373) (3.02480389138, -4.60517018599) (2.96422335121, -4.42284862919) (2.91919177802, -4.26869794937) (2.85457647677, -4.13516655674) (2.70744768813, -4.01738352109) (2.49229495192, -3.91202300543) (2.49216076292, -3.81671282562) (2.37883409734, -3.72970144863) (2.27426778946, -3.64965874096) (2.21296338877, -3.57555076881) (2.20156067459, -3.50655789732) (2.17176345718, -3.44201937618) (2.10037910279, -3.38139475437) (1.97980927756, -3.32423634053) (1.97738599571, -3.27016911926) (1.88991074118, -3.21887582487) (1.87608669741, -3.1700856607) (1.86901522743, -3.12356564506) (1.83936029178, -3.07911388249) (1.82019185621, -3.03655426807) (1.81010863831, -2.99573227355) (1.79071147668, -2.9565115604) (1.73528671276, -2.91877123242) (1.71963424055, -2.88240358825) (1.70472263212, -2.84731226844) (1.6518047733, -2.81341071676) (1.63948985088, -2.78062089394) (1.63125018561, -2.74887219562) (1.62738930635, -2.71810053696) (1.60388723102, -2.68824757381) (1.60244870206, -2.65926003693) (1.57297890439, -2.63108915997) (1.55943264621, -2.60369018578) (1.55190577352, -2.5770219387) (1.53255596902, -2.55104645229) (1.51136106917, -2.52572864431) (1.50052239525, -2.50103603172) (1.49984733004, -2.47693848014) (1.49105177507, -2.45340798273) (1.47012851702, -2.4304184645) (1.46072059942, -2.40794560865) (1.46031446162, -2.38596670193) (1.45173905615, -2.36446049671) (1.43299794616, -2.34340708751) (1.40452472199, -2.32278780031) (1.39734645303, -2.30258509299) (1.36997419182, -2.2827824657) (1.36026720917, -2.26336437984) (1.35816789082, -2.24431618487) (1.35287000568, -2.22562405186) (1.32390747885, -2.20727491319) (1.31206521798, -2.18925640769) (1.29035244946, -2.17155683059) (1.2857631084, -2.15416508788) (1.23638284582, -2.13707065452) (1.19946190916, -2.1202635362) (1.13173304044, -2.10373423425) (1.09288135703, -2.08747371338) (1.07481178076, -2.07147337203) (1.06878368272, -2.05572501506) (1.06418717502, -2.04022082853) (1.06123992532, -2.0249533564) (1.05453513399, -2.00991547903) (1.04660763462, -1.99510039325) (1.04211436029, -1.98050159382) (1.04112835911, -1.96611285637) (0.970366643738, -1.95192822138) (0.954086795781, -1.93794197941) (0.953899667701, -1.92414865727) (0.942529320048, -1.91054300522) (0.855002218909, -1.89711998489) (0.852150590924, -1.88387475814) (0.84922995142, -1.87080267657) (0.84451845719, -1.85789927173) (0.802317502704, -1.84516024596) (0.78983073578, -1.83258146375) (0.789090666849, -1.82015894375) (0.77800986153, -1.80788885116) (0.766868412641, -1.79576749063) (0.758064252451, -1.78379129958) (0.717358495093, -1.77195684193) (0.708849629658, -1.76026080217) (0.67435705483, -1.74869997977) (0.661192698103, -1.73727128394) (0.658665705523, -1.72597172869) (0.604958590897, -1.71479842809) (0.601809837826, -1.70374859191) (0.555318165084, -1.69281952137) (0.551267748077, -1.68200860527) (0.530805060093, -1.67131331615) (0.523691185514, -1.66073120682) (0.500474664846, -1.65025990695) (0.492020242664, -1.63989711992) (0.476792296405, -1.62964061975) (0.474772460583, -1.61948824829) (0.451503943241, -1.60943791243) (0.437293888314, -1.59948758158) (0.428032214281, -1.58963528514) (0.409589724904, -1.57987911019) (0.397279013847, -1.57021719928) (0.396973091513, -1.56064774826) (0.392974339914, -1.55116900431) (0.381797435527, -1.54177926396) (0.360085280193, -1.5324768713) (0.354904473057, -1.52326021619) (0.330031258397, -1.51412773263) (0.329265669704, -1.50507789711) (0.326308356647, -1.49610922713) (0.304703295388, -1.48722027971) (0.285550539119, -1.47840965003) (0.279952975615, -1.46967597006) (0.252301753076, -1.46101790732) (0.235609167664, -1.45243416362) (0.220038877042, -1.44392347396) (0.211657663391, -1.43548460531) (0.185130330644, -1.42711635564) (0.182930362935, -1.41881755283) (0.18042049875, -1.41058705369) (0.155756352184, -1.40242374305) (0.13904363734, -1.39432653282) (0.114983266431, -1.38629436112) (0.109719598984, -1.37832619147) (0.0941853808919, -1.37042101196) (0.0810577608536, -1.3625778345) (0.0440121936669, -1.35479569406) (0.0315880163569, -1.34707364797) (0.0130261184079, -1.33941077522) (0.0117909721756, -1.33180617584) (-0.00420874270084, -1.3242589702) (-0.0103884971311, -1.31676829847) (-0.0226176557987, -1.30933331998) (-0.035270032393, -1.30195321269) (-0.0393015692834, -1.29462717259) (-0.0536901039445, -1.28735441326) (-0.0686910928537, -1.28013416529) (-0.0808566223453, -1.27296567581) (-0.134776845004, -1.26584820804) (-0.155678190583, -1.25878104082) (-0.159381562522, -1.25176346816) (-0.170825142167, -1.24479479885) (-0.177395216977, -1.237874356) (-0.213646070788, -1.23100147671) (-0.236324926556, -1.22417551164) (-0.251003053313, -1.21739582466) (-0.2679909744, -1.21066179248) (-0.30802632801, -1.20397280433) (-0.375508526647, -1.19732826161) (-0.387728445701, -1.19072757758) (-0.404539414086, -1.18417017703) (-0.600396801461, -1.17765549601) (-0.635841852823, -1.1711829815) (-0.663320433412, -1.16475209117) (-0.699617442073, -1.15836229307) (-0.729931755186, -1.1520130654) (-0.763949585844, -1.1457038962) (-0.768196039489, -1.13943428319) (-0.783463783916, -1.13320373344) (-0.788388667331, -1.12701176319) (-0.833221068918, -1.12085789762) (-0.895294611223, -1.1147416706) (-0.983017750846, -1.10866262452) (-1.2939182328, -1.10262031007) (-1.44414622884, -1.09661428601) (-1.45810995815, -1.09064411902) (-1.53229391321, -1.0847093835) (-1.57714611264, -1.07880966137) (-1.59122077853, -1.07294454192) (-1.68848717273, -1.06711362161) (-1.78628957865, -1.06131650392) (-1.93543918078, -1.05555279921) (-2.08782956838, -1.0498221245) (-2.10000656652, -1.04412410338) (-2.18676824819, -1.03845836585) (-2.35343014726, -1.03282454813) (-2.42111345726, -1.02722229258) (-2.75422210211, -1.02165124753) (-2.77611745603, -1.01611106716) (-2.92794528336, -1.01060141135) (-3.35980227848, -1.00512194558) (-3.40314495947, -0.999672340813) (-3.59301749504, -0.994252273344) (-3.79635574768, -0.988861424709) };
\end{axis}
\end{tikzpicture}

